10 10 26 26 26 10 10 10 10 10 10 10 10 10 10 10 10 10 10 10 10 10 10 10 10 10 10 10 10 10 10 10 10 10 10 10 10 10 10 10 10 10 10 10 10 10 10 10 10 10 
10 10 26 26 26 10 10 10 10 10 10 10 10 10 10 10 10 10 10 10 10 10 10 10 10 10 10 10 10 10 10 10 10 10 10 10 10 10 10 10 10 10 10 10 10 10 10 10 10 10 
10 10 26 26 26 10 10 10 10 10 10 10 10 10 10 10 10 10 10 10 10 10 10 10 10 10 10 10 10 10 10 10 10 10 10 10 10 10 10 10 10 10 10 10 10 10 10 10 10 10  
10 10 26 26 26 10 10 10 10 10 10 10 10 10 10 10 10 10 10 10 10 10 10 10 10 10 10 10 10 10 10 10 10 10 10 10 10 10 10 10 10 10 10 10 10 10 10 10 10 10 
10 10 26 26 26 10 10 10 10 10 10 10 10 10 10 10 10 10 10 10 10 10 10 10 10 10 10 10 10 10 10 10 10 10 10 10 10 10 10 10 10 10 10 10 10 10 10 10 10 10  
10 10 26 26 26 10 10 40 40 40 40 40 40 40 40 40 40 40 40 40 40 40 40 40 40 40 40 40 40 40 40 40 40 40 40 40 40 40 40 40 40 40 40 40 40 40 40 40 40 40
10 10 26 26 26 10 10 40 10 10 10 10 10 10 10 10 10 10 10 10 10 10 10 10 10 10 10 10 10 10 10 10 10 10 10 10 10 10 10 10 10 10 10 10 10 10 10 10 10 10 
10 10 26 26 26 10 10 40 10 10 10 10 10 10 10 10 10 10 10 10 10 10 11 10 10 10 10 35 33 33 33 33 33 33 36 10 10 10 10 10 10 10 10 10 10 10 10 10 10 10 
10 10 26 26 26 10 10 40 10 10 10 10 10 10 10 10 10 10 10 10 10 10 10 10 10 10 10 31 26 26 26 26 26 26 30 10 10 10 10 10 10 10 10 10 10 10 10 10 10 10
10 10 26 26 26 10 10 40 10 10 10 10 10 10 10 10 10 10 10 10 10 10 10 10 10 10 10 31 26 26 26 26 26 26 30 10 10 10 10 10 35 33 10 10 10 10 10 10 10 10 
10 10 26 26 26 10 10 40 10 10 10 35 33 36 10 10 10 10 10 10 10 10 10 10 10 10 11 31 26 26 26 26 26 26 30 10 10 10 10 10 31 26 10 10 10 10 10 10 10 10 
10 10 26 26 26 10 10 40 10 10 10 31 26 30 10 10 10 10 10 10 10 10 10 10 10 10 10 31 26 26 26 26 26 26 30 10 10 10 10 10 31 26 10 10 10 10 10 10 10 10 
10 10 26 26 26 10 10 40 10 10 10 31 26 30 10 10 10 10 10 10 11 10 35 33 36 10 10 37 28 29 26 27 28 28 38 10 10 10 10 10 31 26 10 10 10 10 10 10 10 10 
10 10 26 26 26 10 10 40 10 10 10 31 26 30 10 10 10 10 10 10 10 10 31 26 30 10 10 10 10 31 26 30 10 10 10 10 10 10 10 10 31 26 10 10 10 10 10 10 10 10 
10 10 26 26 26 10 10 40 10 10 10 31 26 30 10 10 10 10 10 10 10 10 31 26 30 10 10 10 10 31 26 30 10 10 10 10 10 10 10 10 31 26 10 10 10 10 10 10 10 10 
10 10 26 26 26 10 10 40 10 10 10 31 26 30 10 10 10 10 10 10 10 10 31 26 30 10 10 10 10 31 26 30 10 10 10 10 10 10 10 10 31 26 10 10 10 10 10 10 10 10 
10 10 26 26 26 10 10 40 10 10 10 31 26 30 10 10 10 10 10 10 10 10 31 26 30 10 10 10 10 31 26 30 10 10 10 10 10 10 10 10 31 26 10 10 10 10 10 10 10 10 
10 10 26 26 26 10 10 40 10 10 10 31 26 30 10 10 10 10 10 10 10 10 31 26 30 10 10 10 10 31 26 32 33 33 33 33 33 10 10 10 31 26 10 10 10 10 10 10 10 10 
10 10 26 26 26 10 10 40 10 10 10 31 26 30 10 10 10 10 10 10 10 10 31 26 30 10 10 10 10 31 26 26 26 26 26 26 26 30 10 10 31 26 10 10 10 10 10 10 10 10 
10 10 26 26 26 10 10 40 10 10 10 31 26 30 10 10 10 10 10 10 10 35 34 26 32 36 10 10 10 37 28 28 28 28 28 29 26 30 10 10 31 26 10 10 10 10 10 10 10 10 
10 10 26 26 26 26 26 32 33 33 33 34 26 32 33 33 33 33 33 33 33 34 26 26 26 32 33 33 33 33 33 33 33 33 33 34 26 33 33 33 34 26 10 10 10 10 10 10 10 10 
10 10 26 26 26 26 26 26 26 26 26 26 26 26 26 26 26 26 26 26 26 26 26 26 26 26 26 26 26 26 26 26 26 26 26 26 26 26 26 26 26 26 10 10 10 10 10 10 10 10 
10 10 26 26 26 26 26 27 28 28 28 28 28 28 28 29 26 27 28 28 28 29 26 26 26 27 28 28 28 28 28 28 28 28 28 29 26 27 28 28 29 26 10 10 10 10 10 10 10 10 
10 10 26 26 26 10 10 40 10 10 10 10 10 10 10 31 26 30 10 10 10 37 29 26 27 38 10 10 10 10 10 10 10 10 10 31 26 30 10 10 31 26 10 10 10 10 10 10 10 10 
10 10 26 26 26 10 10 40 10 10 10 10 10 10 10 31 26 30 10 10 10 10 31 26 30 10 10 10 10 10 10 10 10 10 10 31 26 30 11 10 31 26 10 10 10 10 10 10 10 10 
10 10 26 26 26 10 10 40 10 10 10 10 10 10 10 31 26 30 10 10 10 10 31 26 30 10 10 10 10 10 10 10 10 10 10 31 26 30 10 10 31 26 10 10 10 10 10 10 10 10 
10 10 26 26 26 10 10 40 10 10 10 10 10 10 10 31 26 30 10 10 10 10 31 26 30 10 10 10 10 10 10 10 10 10 10 31 26 30 10 10 31 26 10 10 10 10 10 10 10 10 
10 10 26 26 26 10 10 40 10 10 10 10 10 10 10 31 26 30 10 10 10 10 31 26 30 10 10 10 10 10 10 10 10 10 10 31 26 30 10 10 31 26 10 10 10 10 10 10 10 10 
10 10 26 26 26 10 10 40 10 10 10 10 10 10 10 31 26 30 10 10 10 10 31 26 30 10 10 10 10 10 10 10 10 10 10 31 26 30 10 10 31 26 10 10 10 10 10 10 10 10 
10 10 26 26 26 10 10 40 10 10 10 10 10 10 10 31 26 30 10 10 10 10 31 26 30 10 10 10 10 10 10 10 10 10 10 31 26 30 10 10 31 26 10 10 10 10 10 10 10 10 
10 10 26 26 26 10 10 40 10 10 11 10 10 10 10 31 26 30 10 10 10 10 31 26 30 10 10 10 10 10 10 10 10 10 10 31 26 30 10 10 31 26 10 10 10 10 10 10 10 10 
10 10 26 26 26 10 10 40 10 10 10 10 10 10 33 34 26 30 10 10 10 10 31 26 30 10 10 10 10 10 10 10 10 10 10 31 26 32 33 33 34 26 10 10 10 10 10 10 10 10 
10 10 26 26 26 10 10 40 10 10 10 10 10 11 26 26 26 30 10 10 10 10 31 26 30 10 10 10 10 10 10 10 10 10 10 31 26 26 26 26 26 26 30 10 10 10 10 10 10 10 
10 10 26 26 26 10 10 40 10 11 10 10 10 10 28 28 28 38 10 10 10 10 31 26 30 10 10 10 10 10 10 10 10 10 10 37 28 28 28 28 28 28 38 10 10 10 10 10 10 10 
10 10 26 26 26 10 10 40 10 10 10 10 10 10 10 10 10 10 10 10 10 10 31 26 30 10 10 10 10 10 10 10 10 10 10 10 10 10 10 10 10 10 10 10 10 10 10 10 10 10 
10 10 26 26 26 10 10 40 10 10 10 10 10 10 10 10 10 10 10 10 10 10 37 28 38 10 10 10 10 10 10 10 10 10 10 11 10 10 10 10 10 10 10 10 10 10 10 10 10 10 
10 10 26 26 26 10 10 40 10 10 10 10 10 10 10 10 10 10 10 10 10 10 10 10 10 10 10 10 10 10 10 10 10 10 10 10 10 10 10 10 10 10 10 10 10 10 10 10 10 10 
10 10 26 26 26 10 10 40 10 10 10 10 10 10 10 10 10 10 10 10 10 10 10 10 10 10 10 10 10 10 10 10 10 10 10 10 10 10 10 10 10 10 10 10 10 10 10 10 10 10 
10 10 26 26 26 10 10 40 10 10 10 10 10 10 10 10 10 10 10 11 10 10 10 10 10 11 10 10 10 10 10 10 10 10 10 10 10 11 10 10 10 10 10 10 10 10 10 10 10 10 
10 10 26 26 26 10 10 40 10 10 10 10 10 10 10 10 10 10 10 10 11 10 10 10 10 10 10 10 10 10 10 10 10 10 10 10 10 10 10 10 10 10 10 10 10 10 10 10 10 10 
10 10 26 26 26 10 10 40 10 10 10 10 10 10 10 10 10 10 10 10 10 10 10 10 10 10 10 10 10 10 10 10 10 10 10 10 10 10 10 10 10 10 10 10 10 10 10 10 10 10 
10 10 26 26 26 10 10 40 10 10 10 10 10 10 10 10 10 10 10 10 10 10 10 10 11 10 10 10 10 10 10 10 10 10 10 10 10 10 11 10 10 10 10 10 10 10 10 10 10 10 
10 10 26 26 26 10 10 40 10 10 10 10 10 10 10 10 10 10 10 10 10 10 10 10 10 10 10 10 10 10 10 10 10 10 10 10 10 10 10 10 10 10 10 10 10 10 10 10 10 10 
10 10 26 26 26 10 10 40 40 40 40 40 40 40 40 40 40 40 40 40 40 40 40 40 40 40 40 40 40 40 40 40 40 40 40 40 40 40 40 40 40 40 40 40 40 40 40 40 40 40
10 10 26 26 26 10 10 10 10 10 10 10 10 10 10 10 10 10 10 10 10 10 10 10 10 10 10 10 10 10 10 10 10 11 10 10 10 10 10 10 10 10 10 10 10 10 10 10 10 10 
10 10 26 26 26 10 10 10 10 10 10 10 10 10 10 10 10 10 10 10 10 10 10 10 10 10 10 10 10 10 10 10 10 10 10 10 10 10 10 10 10 10 10 10 10 10 10 10 10 10 
10 10 26 26 26 10 10 10 10 10 10 10 10 10 10 10 10 10 10 10 10 10 10 10 10 10 10 10 10 10 10 10 10 10 10 10 10 10 10 10 10 10 10 10 10 10 10 10 10 10 
10 10 26 26 26 10 10 10 10 10 10 10 10 10 10 10 10 10 10 10 10 10 10 10 10 10 10 10 10 10 10 10 10 10 10 10 10 10 10 10 10 10 10 10 10 10 10 10 10 10 
10 10 26 26 26 10 10 10 10 10 10 10 10 10 10 10 10 10 10 10 10 10 10 10 10 10 10 10 10 10 10 10 10 10 10 10 10 10 10 10 10 10 10 10 10 10 10 10 10 10 
10 10 26 26 26 10 10 10 10 10 10 10 10 10 10 10 10 10 10 10 10 10 10 10 10 10 10 10 10 10 10 10 10 10 10 10 10 10 10 10 10 10 10 10 10 10 10 10 10 10 

