248,248,248,248,248,248,248,248,248,248,248,248,248,248,248,248,248,248,248,248,248,248,248,248,248,248,248,248,248,248,248,248,248,248,248,248,248,248,248,248,248,248,248,248,248,248,248,248,248,248,248,248,248,248,248,248,248,248,248,248,248,248,248,248,
248,248,248,248,248,248,248,248,248,248,248,248,248,248,248,248,248,248,248,248,248,248,248,248,248,248,248,248,248,248,248,248,248,248,248,248,248,248,248,248,248,248,248,248,248,248,248,248,248,248,248,248,248,248,248,248,248,248,248,248,248,248,248,248,
248,248,248,248,248,248,248,248,248,248,248,248,248,248,248,248,248,248,248,248,248,248,248,248,248,248,248,248,248,248,248,248,248,248,248,248,248,248,248,248,248,248,248,248,248,248,248,248,248,248,248,248,248,248,248,248,248,248,248,248,248,248,248,248,
248,248,248,248,248,248,248,248,248,248,248,248,248,248,248,248,248,248,248,248,248,248,248,248,248,248,248,248,248,248,248,248,248,248,248,248,248,248,248,248,248,248,248,248,248,248,248,248,248,248,248,248,248,248,248,248,248,248,248,248,248,248,248,248,
248,248,248,248,248,248,248,248,248,248,248,248,248,248,248,248,248,248,248,248,248,248,248,248,248,248,248,248,248,248,248,248,248,248,248,248,248,248,248,248,248,248,248,248,248,248,248,248,248,248,248,248,248,248,248,248,248,248,248,248,248,248,248,248,
248,248,248,248,248,248,248,248,248,248,248,248,248,248,248,248,248,248,248,248,248,248,248,248,248,248,248,248,248,248,248,248,248,248,248,248,248,248,248,248,248,248,248,248,248,248,248,248,248,248,248,248,248,248,248,248,248,248,248,248,248,248,248,248,
248,248,248,248,248,248,248,248,248,248,248,248,248,248,248,248,248,248,248,248,248,248,248,248,248,248,248,248,248,248,248,248,248,248,248,248,248,248,248,248,248,248,248,248,248,248,248,248,248,248,248,248,248,248,248,248,248,248,248,248,248,248,248,248,
248,248,248,248,248,248,248,248,248,248,248,248,248,248,248,248,248,248,248,248,248,248,248,248,248,248,248,248,248,248,248,248,248,248,248,248,248,248,248,248,248,248,248,248,248,248,248,248,248,248,248,248,248,248,248,248,248,248,248,248,248,248,248,248,
248,248,248,248,248,248,248,248,248,248,248,248,248,248,248,248,248,248,248,248,248,248,248,248,248,248,248,248,248,248,248,248,248,248,248,248,248,248,248,248,248,248,248,248,248,248,248,248,248,248,248,248,248,248,248,248,248,248,248,248,248,248,248,248,
248,248,248,248,248,248,248,248,248,248,248,248,248,248,248,248,248,248,248,248,248,248,248,248,248,248,248,248,248,248,248,248,248,248,248,248,248,248,248,248,248,248,248,248,248,248,248,248,248,248,248,248,248,248,248,248,248,248,248,248,248,248,248,248,
248,248,248,248,248,248,248,248,248,248,248,248,248,248,248,248,248,248,248,248,248,248,248,248,248,248,248,248,248,248,248,248,248,248,248,248,248,248,248,248,248,248,248,248,248,248,248,248,248,248,248,248,248,248,248,248,248,248,248,248,248,248,248,248,
248,248,248,248,248,248,248,248,248,248,248,248,248,248,248,248,248,248,248,248,248,248,248,248,248,248,248,248,248,248,248,248,248,248,248,248,248,248,248,248,248,248,248,248,248,248,248,248,248,248,248,248,248,248,248,248,248,248,248,248,248,248,248,248,
248,248,248,248,248,248,248,248,248,248,248,248,248,337,257,257,257,257,257,257,257,257,257,257,257,257,257,257,257,257,257,257,257,257,257,257,257,257,257,257,257,257,257,257,257,257,257,257,257,257,338,248,248,248,248,248,248,248,248,248,248,248,248,248,
248,248,248,248,248,248,248,248,248,248,248,248,248,259,249,249,249,249,249,249,249,249,249,249,249,249,249,249,249,249,249,249,249,249,249,249,249,249,249,249,249,249,249,249,249,249,249,249,249,249,260,248,248,248,248,248,248,248,248,248,248,248,248,248,
248,248,248,248,248,248,248,248,248,248,248,248,248,259,249,249,249,249,249,249,249,249,249,249,249,249,249,249,249,249,249,249,249,249,249,249,249,249,249,249,249,249,249,249,249,249,249,249,249,249,260,248,248,248,248,248,248,248,248,248,248,248,248,248,
248,248,248,248,248,248,248,248,248,248,248,248,248,259,249,249,256,257,257,257,257,257,257,257,257,257,257,257,257,257,257,257,257,257,257,257,257,257,257,257,257,257,257,257,257,257,257,258,249,249,260,248,248,248,248,248,248,248,248,248,248,248,248,248,
248,248,248,248,248,248,248,248,248,248,248,248,248,259,249,249,259,256,257,257,257,257,257,257,257,257,257,257,257,257,257,257,257,257,257,257,257,257,257,257,257,257,257,257,257,257,258,260,249,249,260,248,248,248,248,248,248,248,248,248,248,248,248,248,
248,248,248,248,248,248,248,248,248,248,248,248,248,259,249,249,259,259,301,299,288,289,290,249,249,249,303,304,305,306,249,249,249,249,318,319,320,321,298,301,288,289,290,288,289,290,260,260,249,249,260,248,248,248,248,248,248,248,248,248,248,248,248,248,
248,248,248,248,248,248,248,248,248,248,248,248,248,259,249,249,259,259,249,298,291,292,293,298,249,249,307,308,309,310,249,249,249,249,322,323,324,325,249,299,291,292,293,291,292,293,260,260,249,249,260,248,248,248,248,248,248,248,248,248,248,248,248,248,
248,248,248,248,248,248,248,248,248,248,248,248,248,259,249,249,259,259,288,289,290,299,301,288,289,290,311,312,313,314,249,249,249,249,326,327,328,329,249,288,289,290,249,249,298,249,260,260,249,249,260,248,248,248,248,248,248,248,248,248,248,248,248,248,
248,248,248,248,248,248,248,248,248,248,248,248,248,259,249,249,259,259,291,292,293,249,299,291,292,293,249,249,315,316,317,249,249,330,331,332,249,249,249,291,292,293,301,299,249,249,260,260,249,249,260,248,248,248,248,248,248,248,248,248,248,248,248,248,
248,248,248,248,248,248,248,248,248,248,248,248,248,259,249,249,259,261,262,262,262,262,262,262,262,262,279,280,281,279,280,280,280,280,281,279,280,281,262,262,262,262,262,262,262,262,263,260,249,249,260,248,248,248,248,248,248,248,248,248,248,248,248,248,
248,248,248,248,248,248,248,248,248,248,248,248,248,259,249,249,259,264,250,251,252,265,250,251,252,265,282,283,284,282,283,283,283,283,284,282,283,284,265,250,251,252,265,250,251,252,266,260,249,249,260,248,248,248,248,248,248,248,248,248,248,248,248,248,
248,248,248,248,248,248,248,248,248,248,248,248,248,259,249,249,259,267,253,254,255,268,253,254,255,268,285,286,287,285,286,286,286,286,287,285,286,287,268,253,254,255,268,253,254,255,269,260,249,249,260,248,248,248,248,248,248,248,248,248,248,248,248,248,
248,248,248,248,248,248,248,248,248,248,248,248,248,259,249,249,261,262,262,262,262,262,262,262,262,279,280,280,281,279,280,280,280,280,281,279,280,280,281,262,262,262,262,262,262,262,262,263,249,249,260,248,248,248,248,248,248,248,248,248,248,248,248,248,
248,248,248,248,248,248,248,248,248,248,248,248,248,259,249,249,264,250,251,252,265,250,251,252,265,282,283,283,284,282,283,283,283,283,284,282,283,283,284,265,250,251,252,265,250,251,252,266,249,249,260,248,248,248,248,248,248,248,248,248,248,248,248,248,
248,248,248,248,248,248,248,248,248,248,248,248,248,259,249,249,267,253,254,255,268,253,254,255,268,285,286,286,287,285,286,286,286,286,287,285,286,286,287,268,253,254,255,268,253,254,255,269,249,249,260,248,248,248,248,248,248,248,248,248,248,248,248,248,
248,248,248,248,248,248,248,248,248,248,248,248,248,259,249,249,249,249,249,249,249,249,249,249,249,249,249,249,249,249,249,249,249,249,249,249,249,249,249,249,249,249,249,249,249,249,249,249,249,249,260,248,248,248,248,248,248,248,248,248,248,248,248,248,
<<<<<<< HEAD
248,248,248,248,248,248,248,248,248,248,248,248,248,259,249,249,249,249,249,249,249,249,249,249,249,249,249,249,249,249,249,249,249,249,249,249,249,249,249,249,249,249,249,249,249,249,249,249,249,249,260,248,248,248,248,248,248,248,248,248,248,248,248,248,
248,248,248,248,248,248,248,248,248,248,248,248,248,259,249,249,256,257,257,257,257,257,257,257,258,249,249,249,249,249,249,249,249,249,249,249,249,249,249,249,249,249,249,249,249,249,249,249,249,249,260,248,248,248,248,248,248,248,248,248,248,248,248,248,
248,248,248,248,248,248,248,248,248,248,248,248,248,259,249,249,259,288,289,290,299,288,289,290,260,249,249,249,249,249,249,249,249,249,249,249,249,249,249,249,249,249,249,249,249,249,249,249,249,249,260,248,248,248,248,248,248,248,248,248,248,248,248,248,
=======
248,248,248,248,248,248,248,248,248,248,248,248,248,259,249,249,249,249,249,249,249,249,249,249,249,249,339,340,249,249,249,249,249,249,249,249,339,340,249,249,249,249,249,249,249,249,249,249,249,249,260,248,248,248,248,248,248,248,248,248,248,248,248,248,
248,248,248,248,248,248,248,248,248,248,248,248,248,259,249,249,256,257,257,257,257,257,257,257,258,249,341,342,249,249,249,249,249,249,249,249,341,342,249,249,249,249,249,249,249,249,249,249,249,249,260,248,248,248,248,248,248,248,248,248,248,248,248,248,
248,248,248,248,248,248,248,248,248,248,248,248,248,259,249,249,259,288,289,290,299,288,289,290,260,249,343,344,249,249,249,249,249,249,249,249,343,344,249,249,249,249,249,249,249,249,249,249,249,249,260,248,248,248,248,248,248,248,248,248,248,248,248,248,
>>>>>>> ThanhHuy1
248,248,248,248,248,248,248,248,248,248,248,248,248,259,249,249,259,291,292,293,301,291,292,293,260,249,249,249,249,249,249,249,249,249,249,249,249,249,249,256,257,257,257,257,257,257,257,258,249,249,260,248,248,248,248,248,248,248,248,248,248,248,248,248,
248,248,248,248,248,248,248,248,248,248,248,248,248,259,249,249,259,301,249,249,249,249,249,299,260,249,249,249,249,249,249,249,249,249,249,249,249,249,249,259,288,289,290,299,249,298,301,260,249,249,260,248,248,248,248,248,248,248,248,248,248,248,248,248,
248,248,248,248,248,248,248,248,248,248,248,248,248,259,249,249,259,298,299,249,249,249,298,301,260,249,249,249,249,249,249,249,249,249,249,249,249,249,249,259,291,292,293,249,300,294,295,260,249,249,260,248,248,248,248,248,248,248,248,248,248,248,248,248,
248,248,248,248,248,248,248,248,248,248,248,248,248,259,249,249,261,262,279,280,280,280,281,262,263,249,249,256,257,257,257,257,257,257,257,258,249,249,249,259,301,299,249,249,249,296,297,260,249,249,260,248,248,248,248,248,248,248,248,248,248,248,248,248,
248,248,248,248,248,248,248,248,248,248,248,248,248,259,249,249,267,268,285,286,286,286,287,268,269,249,249,259,294,295,299,301,288,289,290,260,249,249,249,259,249,300,249,249,249,249,298,260,249,249,260,248,248,248,248,248,248,248,248,248,248,248,248,248,
248,248,248,248,248,248,248,248,248,248,248,248,248,259,249,249,249,249,249,249,249,249,249,249,249,249,249,259,296,297,300,249,291,292,293,260,249,249,249,261,262,279,280,280,280,281,262,263,249,249,260,248,248,248,248,248,248,248,248,248,248,248,248,248,
248,248,248,248,248,248,248,248,248,248,248,248,248,259,249,249,249,249,249,249,249,249,249,249,249,249,249,259,299,298,249,249,249,249,301,260,249,249,249,267,268,285,283,283,283,287,268,269,249,249,260,248,248,248,248,248,248,248,248,248,248,248,248,248,
248,248,248,248,248,248,248,248,248,248,248,248,248,259,249,249,249,249,249,249,249,249,249,249,249,249,249,259,249,249,249,249,249,298,249,260,249,249,249,249,249,249,249,249,249,249,249,249,249,249,260,248,248,248,248,248,248,248,248,248,248,248,248,248,
248,248,248,248,248,248,248,248,248,248,248,248,248,259,249,249,249,249,249,249,249,249,249,249,249,249,249,261,262,279,280,280,280,281,262,263,249,249,249,249,249,249,249,249,249,249,249,249,249,249,260,248,248,248,248,248,248,248,248,248,248,248,248,248,
248,248,248,248,248,248,248,248,248,248,248,248,248,259,249,249,249,249,249,249,249,249,249,249,249,249,249,267,268,285,286,286,286,287,268,269,249,249,249,256,257,257,257,258,249,249,333,262,262,262,263,248,248,248,248,248,248,248,248,248,248,248,248,248,
248,248,248,248,248,248,248,248,248,248,248,248,248,261,262,262,262,334,249,249,249,249,249,249,249,249,249,249,249,249,249,249,249,249,249,249,249,249,249,261,262,262,262,263,249,249,260,265,265,265,266,248,248,248,248,248,248,248,248,248,248,248,248,248,
248,248,248,248,248,248,248,248,248,248,248,248,248,264,265,265,265,259,249,249,249,249,249,249,249,249,249,249,249,249,249,249,249,249,249,249,249,249,249,264,273,274,275,266,249,249,260,271,271,271,272,248,248,248,248,248,248,248,248,248,248,248,248,248,
248,248,248,248,248,248,248,248,248,248,248,248,248,270,271,271,271,259,249,249,249,249,249,249,249,249,249,249,249,249,249,249,249,249,249,249,249,249,249,267,276,277,278,269,249,249,260,248,248,248,248,248,248,248,248,248,248,248,248,248,248,248,248,248,
248,248,248,248,248,248,248,248,248,248,248,248,248,248,248,248,248,259,249,249,249,249,249,249,249,249,249,249,249,249,249,249,249,249,249,249,249,249,249,302,249,249,249,249,249,249,260,248,248,248,248,248,248,248,248,248,248,248,248,248,248,248,248,248,
248,248,248,248,248,248,248,248,248,248,248,248,248,248,248,248,248,259,249,249,249,249,249,249,249,249,249,249,249,249,249,249,249,249,249,249,249,249,249,249,249,249,249,249,249,249,260,248,248,248,248,248,248,248,248,248,248,248,248,248,248,248,248,248,
248,248,248,248,248,248,248,248,248,248,248,248,248,248,248,248,248,261,262,262,262,262,262,262,262,262,262,262,262,262,262,262,262,262,262,262,262,262,262,262,262,262,262,262,262,262,263,248,248,248,248,248,248,248,248,248,248,248,248,248,248,248,248,248,
248,248,248,248,248,248,248,248,248,248,248,248,248,248,248,248,248,264,265,265,265,265,265,265,265,265,265,265,265,265,265,265,265,265,265,265,265,265,265,265,265,265,265,265,265,265,266,248,248,248,248,248,248,248,248,248,248,248,248,248,248,248,248,248,
248,248,248,248,248,248,248,248,248,248,248,248,248,248,248,248,248,270,271,271,271,271,271,271,271,271,271,271,271,271,271,271,271,271,271,271,271,271,271,271,271,271,271,271,271,271,272,248,248,248,248,248,248,248,248,248,248,248,248,248,248,248,248,248,
248,248,248,248,248,248,248,248,248,248,248,248,248,248,248,248,248,248,248,248,248,248,248,248,248,248,248,248,248,248,248,248,248,248,248,248,248,248,248,248,248,248,248,248,248,248,248,248,248,248,248,248,248,248,248,248,248,248,248,248,248,248,248,248,
248,248,248,248,248,248,248,248,248,248,248,248,248,248,248,248,248,248,248,248,248,248,248,248,248,248,248,248,248,248,248,248,248,248,248,248,248,248,248,248,248,248,248,248,248,248,248,248,248,248,248,248,248,248,248,248,248,248,248,248,248,248,248,248,
248,248,248,248,248,248,248,248,248,248,248,248,248,248,248,248,248,248,248,248,248,248,248,248,248,248,248,248,248,248,248,248,248,248,248,248,248,248,248,248,248,248,248,248,248,248,248,248,248,248,248,248,248,248,248,248,248,248,248,248,248,248,248,248,
248,248,248,248,248,248,248,248,248,248,248,248,248,248,248,248,248,248,248,248,248,248,248,248,248,248,248,248,248,248,248,248,248,248,248,248,248,248,248,248,248,248,248,248,248,248,248,248,248,248,248,248,248,248,248,248,248,248,248,248,248,248,248,248,
248,248,248,248,248,248,248,248,248,248,248,248,248,248,248,248,248,248,248,248,248,248,248,248,248,248,248,248,248,248,248,248,248,248,248,248,248,248,248,248,248,248,248,248,248,248,248,248,248,248,248,248,248,248,248,248,248,248,248,248,248,248,248,248,
248,248,248,248,248,248,248,248,248,248,248,248,248,248,248,248,248,248,248,248,248,248,248,248,248,248,248,248,248,248,248,248,248,248,248,248,248,248,248,248,248,248,248,248,248,248,248,248,248,248,248,248,248,248,248,248,248,248,248,248,248,248,248,248,
248,248,248,248,248,248,248,248,248,248,248,248,248,248,248,248,248,248,248,248,248,248,248,248,248,248,248,248,248,248,248,248,248,248,248,248,248,248,248,248,248,248,248,248,248,248,248,248,248,248,248,248,248,248,248,248,248,248,248,248,248,248,248,248,
248,248,248,248,248,248,248,248,248,248,248,248,248,248,248,248,248,248,248,248,248,248,248,248,248,248,248,248,248,248,248,248,248,248,248,248,248,248,248,248,248,248,248,248,248,248,248,248,248,248,248,248,248,248,248,248,248,248,248,248,248,248,248,248,
248,248,248,248,248,248,248,248,248,248,248,248,248,248,248,248,248,248,248,248,248,248,248,248,248,248,248,248,248,248,248,248,248,248,248,248,248,248,248,248,248,248,248,248,248,248,248,248,248,248,248,248,248,248,248,248,248,248,248,248,248,248,248,248,
248,248,248,248,248,248,248,248,248,248,248,248,248,248,248,248,248,248,248,248,248,248,248,248,248,248,248,248,248,248,248,248,248,248,248,248,248,248,248,248,248,248,248,248,248,248,248,248,248,248,248,248,248,248,248,248,248,248,248,248,248,248,248,248,
248,248,248,248,248,248,248,248,248,248,248,248,248,248,248,248,248,248,248,248,248,248,248,248,248,248,248,248,248,248,248,248,248,248,248,248,248,248,248,248,248,248,248,248,248,248,248,248,248,248,248,248,248,248,248,248,248,248,248,248,248,248,248,248,
248,248,248,248,248,248,248,248,248,248,248,248,248,248,248,248,248,248,248,248,248,248,248,248,248,248,248,248,248,248,248,248,248,248,248,248,248,248,248,248,248,248,248,248,248,248,248,248,248,248,248,248,248,248,248,248,248,248,248,248,248,248,248,248,
248,248,248,248,248,248,248,248,248,248,248,248,248,248,248,248,248,248,248,248,248,248,248,248,248,248,248,248,248,248,248,248,248,248,248,248,248,248,248,248,248,248,248,248,248,248,248,248,248,248,248,248,248,248,248,248,248,248,248,248,248,248,248,248,
248,248,248,248,248,248,248,248,248,248,248,248,248,248,248,248,248,248,248,248,248,248,248,248,248,248,248,248,248,248,248,248,248,248,248,248,248,248,248,248,248,248,248,248,248,248,248,248,248,248,248,248,248,248,248,248,248,248,248,248,248,248,248,248,
248,248,248,248,248,248,248,248,248,248,248,248,248,248,248,248,248,248,248,248,248,248,248,248,248,248,248,248,248,248,248,248,248,248,248,248,248,248,248,248,248,248,248,248,248,248,248,248,248,248,248,248,248,248,248,248,248,248,248,248,248,248,248,248,